Mascara de 3X3
Nº de Threads	TIME	speedup	             eficiência
1	            0,236	1	                 1
2	            0,134	1,76119402985074	 0,88059701492537
3	            0,100	2,36000000000000	 0,78666666666666
4	            0,87	2,71264367816092	 0,67816091954023

Mascara de 5X5
Nº de Threads	TIME	speedup	             eficiência
1	            0,599	1	                 1
2	            0,322	1,86024844720496	 0,93012422360248
3	            0,228	2,62719298245614	 0,87573099415204
4	            0,187	3,20320855614973	 0,80080213903743

Mascara de 7X7
Nº de Threads	TIME	speedup	             eficiência
1	            1,222	1	                 1
2	            0,656	1,86280487804878	 0,93140243902439
3	            0,457	2,67396061269146	 0,89132020423048
4	            0,367	3,32970027247956	 0,83242506811989